%YAML:1.0

#common parameters
#support: 1 imu 1 cam; 1 imu 2 cam: 2 cam; 
imu: 1         
num_of_cam: 2  

imu_topic: "/mynteye/imu/data_raw"
image0_topic: "/mynteye/left/image_raw"
image1_topic: "/mynteye/right/image_raw"
output_path: "/home/dji/swarm_log_lastest/"

cam0_calib: "left.yaml"
cam1_calib: "right.yaml"
image_width: 640
image_height: 400
   

# Extrinsic parameter between IMU and Camera.
estimate_extrinsic: 1   # 0  Have an accurate extrinsic parameters. We will trust the following imu^R_cam, imu^T_cam, don't change it.
                        # 1  Have an initial guess about extrinsic parameters. We will optimize around your initial guess.
                        
body_T_cam0: !!opencv-matrix
   rows: 4
   cols: 4
   dt: d
   data: [ -9.9994166242771798e-01, 5.7828762977241085e-03,
       -9.1230522862212407e-03, 4.2137366202576632e-02,
       -5.9294744625355339e-03, -9.9985240807512521e-01,
       1.6124620893891391e-02, -4.3525107425004941e-04,
       -9.0284591093965118e-03, 1.6177775128206000e-02,
       9.9982836853032486e-01, 2.1415107016656194e-03, 0., 0., 0., 1. ]
body_T_cam1: !!opencv-matrix
   rows: 4
   cols: 4
   dt: d
   data: [ -9.9997592839203930e-01, 6.2503469313485906e-03,
       -3.0126067977853024e-03, -3.6734917320586868e-02,
       -6.2914915565610019e-03, -9.9988432944392103e-01,
       1.3847197062051593e-02, -6.1543039365427057e-04,
       -2.9257085422171800e-03, 1.3865817527984057e-02,
       9.9989958462527961e-01, 4.5613505567893746e-03, 0., 0., 0., 1. ]

# body_T_cam0: !!opencv-matrix
#    rows: 4
#    cols: 4
#    dt: d
#    data: [-1, 0, 0, 0.0412,
#           0, -1, 0, 0,
#           0, 0, 1, 0, 
#           0., 0., 0., 1. ]

# body_T_cam1: !!opencv-matrix
#    rows: 4
#    cols: 4
#    dt: d
#    data: [-1, 0, 0, -0.0383,
#           0, -1, 0, 0,
#           0, 0, 1, 0, 
#           0., 0., 0., 1. ]

#Multiple thread support
multiple_thread: 1
#Gpu accleration support
use_gpu: 1
use_gpu_acc_flow: 1

#feature traker paprameters
max_cnt: 150            # max feature number in feature tracking
min_dist: 30            # min distance between two features 
freq: 10                # frequence (Hz) of publish tracking result. At least 10Hz for good estimation. If set 0, the frequence will be same as raw image 
F_threshold: 1.0        # ransac threshold (pixel)
show_track: 0           # publish tracking image as topic
flow_back: 1            # perform forward and backward optical flow to improve feature tracking accuracy

#optimization parameters
max_solver_time: 0.04  # max solver itration time (ms), to guarantee real time
max_num_iterations: 8   # max solver itrations, to guarantee real time
keyframe_parallax: 10.0 # keyframe selection threshold (pixel)

#imu parameters       The more accurate parameters you provide, the better performance
acc_n: 0.1          # accelerometer measurement noise standard deviation. #0.2   0.04
gyr_n: 0.01         # gyroscope measurement noise standard deviation.     #0.05  0.004
acc_w: 0.001         # accelerometer bias random work noise standard deviation.  #0.002
gyr_w: 0.0001       # gyroscope bias random work noise standard deviation.     #4.0e-5
g_norm: 9.805         # gravity magnitude

#unsynchronization parameters
estimate_td: 1                      # online estimate time offset between camera and imu
td: 0.00                             # initial value of time offset. unit: s. readed image clock + td = real image clock (IMU clock)

#loop closure parameters
load_previous_pose_graph: 0        # load and reuse previous pose graph; load from 'pose_graph_save_path'
pose_graph_save_path: "/home/dji/output/pose_graph/" # save and load path
save_image: 0                   # save image in pose graph for visualization prupose; you can close this function by setting 0 

#rectify
publish_rectify: 1              # whether publish rectified pose
cam0_rectify: !!opencv-matrix
   rows: 3
   cols: 3
   dt: d
   data: [ 0.9999794402722955, 0.005971027935946018, 0.002337917469648631,
         -0.005978666381574051, 0.9999767681029859, 0.003273958247306185,
         -0.002318314259234973, -0.003287868564194767, 0.9999919076369068 ]
cam1_rectify: !!opencv-matrix
   rows: 3
   cols: 3
   dt: d
   data: [ 0.9998915742446248, -0.01007564660075198, -0.01073876623186388,
           0.0100404509454154, 0.9999440608735217, -0.00332632959632902,
           0.01077168043615163, 0.00321814688096462, 0.9999368052188268 ]