%YAML:1.0
---
model_type: MEI
camera_name: camera
image_width: 640
image_height: 512
mirror_parameters:
   xi: 1.8416903941561775e+00
distortion_parameters:
   k1: -3.9925095423037810e-01
   k2: 2.1764599895402181e-01
   p1: 6.9960868546581594e-04
   p2: -2.9191356506980295e-03
projection_parameters:
   gamma1: 8.3486189768564577e+02
   gamma2: 8.3513573145324040e+02
   u0: 3.1315809347194175e+02
   v0: 2.5652183364737306e+02
